 $RESULT
SFE_SC= 37579.20377 !(J/mol)
  SFEC_SC(0)= 47038.24013
  SFEC_SC(1)= -9459.03636

SFE_SC_HNC= 43091.21799 !(J/mol)
  SFEC_SC_HNC(0)= 51199.00544
  SFEC_SC_HNC(1)= -8107.78745

SFE_GF= 25655.33747 !(J/mol)
  SFEC_GF(0)= 41424.14186
  SFEC_GF(1)= -15768.80440

SE= -9572.31587 !(J/mol)
  SE_ES= 0.00000
  SE_LJ= -9572.31587

PMV= 0.03422 !(L/mol)
Pressure= 1164013371.29286 !(J/m^3)
Correction_Term= -39831.35821 !(J/mol)
 $END
