 $RESULT
SFE_SC= 47008.38931 !(J/mol)
  SFEC_SC(0)= 62388.19788
  SFEC_SC(1)= -15379.80857

SFE_SC_HNC= 54431.19296 !(J/mol)
  SFEC_SC_HNC(0)= 67949.28662
  SFEC_SC_HNC(1)= -13518.09366

SFE_GF= 31016.08000 !(J/mol)
  SFEC_GF(0)= 55013.59144
  SFEC_GF(1)= -23997.51143

SE= -19021.61744 !(J/mol)
  SE_ES= 0.00000
  SE_LJ= -19021.61744

PMV= 0.04506 !(L/mol)
Pressure= 1164013371.29286 !(J/m^3)
Correction_Term= -52448.69063 !(J/mol)
 $END
