 $RESULT
SFE_SC= 82062.37475 !(J/mol)
  SFEC_SC(0)= 108926.20557
  SFEC_SC(1)= -26863.83083

SFE_SC_HNC= 94121.44295 !(J/mol)
  SFEC_SC_HNC(0)= 118055.59069
  SFEC_SC_HNC(1)= -23934.14774

SFE_GF= 55837.69813 !(J/mol)
  SFEC_GF(0)= 97173.33828
  SFEC_GF(1)= -41335.64015

SE= -32678.83994 !(J/mol)
  SE_ES= 0.00000
  SE_LJ= -32678.83994

PMV= 0.07872 !(L/mol)
Pressure= 1164013371.29286 !(J/m^3)
Correction_Term= -91626.44551 !(J/mol)
 $END
