 $RESULT
SFE_SC= 66025.48099 !(J/mol)
  SFEC_SC(0)= 271774.83718
  SFEC_SC(1)= -205749.35619

SFE_SC_HNC= 83454.15776 !(J/mol)
  SFEC_SC_HNC(0)= 284679.12697
  SFEC_SC_HNC(1)= -201224.96921

SFE_GF= 32839.26835 !(J/mol)
  SFEC_GF(0)= 257223.19942
  SFEC_GF(1)= -224383.93107

SE= -106597.69681 !(J/mol)
  SE_ES= -65001.31548
  SE_LJ= -41596.38133

PMV= 0.09370 !(L/mol)
Pressure= 1164013371.29286 !(J/m^3)
Correction_Term= -109064.99858 !(J/mol)
 $END
