 $RESULT
SFE_SC= 70107.80785 !(J/mol)
  SFEC_SC(0)= 391362.59072
  SFEC_SC(1)= -321254.78287

SFE_SC_HNC= 90018.29078 !(J/mol)
  SFEC_SC_HNC(0)= 405616.43876
  SFEC_SC_HNC(1)= -315598.14798

SFE_GF= 31671.77177 !(J/mol)
  SFEC_GF(0)= 374791.97589
  SFEC_GF(1)= -343120.20412

SE= -137273.38496 !(J/mol)
  SE_ES= -85589.66562
  SE_LJ= -51683.71934

PMV= 0.10878 !(L/mol)
Pressure= 1164013371.29286 !(J/m^3)
Correction_Term= -126623.38021 !(J/mol)
 $END
