 $RESULT
SFE_SC= 82349.10482 !(J/mol)
  SFEC_SC(0)= 117030.38183
  SFEC_SC(1)= -34681.27701

SFE_SC_HNC= 94669.15630 !(J/mol)
  SFEC_SC_HNC(0)= 126338.61325
  SFEC_SC_HNC(1)= -31669.45695

SFE_GF= 55815.23655 !(J/mol)
  SFEC_GF(0)= 105129.33193
  SFEC_GF(1)= -49314.09537

SE= -33402.27458 !(J/mol)
  SE_ES= -129.25503
  SE_LJ= -33273.01955

PMV= 0.07913 !(L/mol)
Pressure= 1164013371.29286 !(J/m^3)
Correction_Term= -92107.76726 !(J/mol)
 $END
