 $RESULT
SFE_SC= 82083.73977 !(J/mol)
  SFEC_SC(0)= 152198.81057
  SFEC_SC(1)= -70115.07081

SFE_SC_HNC= 94119.86364 !(J/mol)
  SFEC_SC_HNC(0)= 161298.44945
  SFEC_SC_HNC(1)= -67178.58581

SFE_GF= 55854.59596 !(J/mol)
  SFEC_GF(0)= 140461.72714
  SFEC_GF(1)= -84607.13118

SE= -32780.01899 !(J/mol)
  SE_ES= -97.94451
  SE_LJ= -32682.07449

PMV= 0.07881 !(L/mol)
Pressure= 1164013371.29286 !(J/m^3)
Correction_Term= -91732.27360 !(J/mol)
 $END
