 $RESULT
SFE_SC= 96535.34115 !(J/mol)
  SFEC_SC(0)= 134088.57445
  SFEC_SC(1)= -37553.23330

SFE_SC_HNC= 111989.65489 !(J/mol)
  SFEC_SC_HNC(0)= 145682.08144
  SFEC_SC_HNC(1)= -33692.42655

SFE_GF= 63529.84303 !(J/mol)
  SFEC_GF(0)= 119413.08097
  SFEC_GF(1)= -55883.23794

SE= -49763.77469 !(J/mol)
  SE_ES= 0.00000
  SE_LJ= -49763.77469

PMV= 0.09618 !(L/mol)
Pressure= 1164013371.29286 !(J/m^3)
Correction_Term= -111952.14119 !(J/mol)
 $END
