 $RESULT
SFE_SC= 31129.87405 !(J/mol)
  SFEC_SC(0)= 267907.59656
  SFEC_SC(1)= -236777.72251

SFE_SC_HNC= 45639.25096 !(J/mol)
  SFEC_SC_HNC(0)= 277811.48111
  SFEC_SC_HNC(1)= -232172.23015

SFE_GF= 4698.59252 !(J/mol)
  SFEC_GF(0)= 256470.60157
  SFEC_GF(1)= -251772.00905

SE= -118154.29609 !(J/mol)
  SE_ES= -85531.09660
  SE_LJ= -32623.19950

PMV= 0.06994 !(L/mol)
Pressure= 1164013371.29286 !(J/m^3)
Correction_Term= -81413.26737 !(J/mol)
 $END
