 $RESULT
SFE_SC= 53780.09768 !(J/mol)
  SFEC_SC(0)= 72124.75807
  SFEC_SC(1)= -18344.66039

SFE_SC_HNC= 62783.59766 !(J/mol)
  SFEC_SC_HNC(0)= 78911.28687
  SFEC_SC_HNC(1)= -16127.68921

SFE_GF= 35158.04586 !(J/mol)
  SFEC_GF(0)= 63575.63102
  SFEC_GF(1)= -28417.58516

SE= -24467.53794 !(J/mol)
  SE_ES= 0.00000
  SE_LJ= -24467.53794

PMV= 0.05240 !(L/mol)
Pressure= 1164013371.29286 !(J/m^3)
Correction_Term= -60996.88887 !(J/mol)
 $END
