 $RESULT
SFE_SC= 8982.41932 !(J/mol)
  SFEC_SC(0)= 176206.63324
  SFEC_SC(1)= -167224.21393

SFE_SC_HNC= 21134.34658 !(J/mol)
  SFEC_SC_HNC(0)= 184325.79071
  SFEC_SC_HNC(1)= -163191.44413

SFE_GF= -11528.16042 !(J/mol)
  SFEC_GF(0)= 167221.56861
  SFEC_GF(1)= -178749.72902

SE= -117213.70482 !(J/mol)
  SE_ES= -97923.49926
  SE_LJ= -19290.20556

PMV= 0.05217 !(L/mol)
Pressure= 1164013371.29286 !(J/m^3)
Correction_Term= -60721.73766 !(J/mol)
 $END
