 $RESULT
SFE_SC= 54917.09521 !(J/mol)
  SFEC_SC(0)= 75542.40772
  SFEC_SC(1)= -20625.31251

SFE_SC_HNC= 64676.31448 !(J/mol)
  SFEC_SC_HNC(0)= 82870.75306
  SFEC_SC_HNC(1)= -18194.43858

SFE_GF= 35018.54155 !(J/mol)
  SFEC_GF(0)= 66433.69827
  SFEC_GF(1)= -31415.15672

SE= -29234.53247 !(J/mol)
  SE_ES= 0.00000
  SE_LJ= -29234.53247

PMV= 0.05485 !(L/mol)
Pressure= 1164013371.29286 !(J/m^3)
Correction_Term= -63849.20063 !(J/mol)
 $END
