 $RESULT
SFE_SC= 93527.15060 !(J/mol)
  SFEC_SC(0)= 127890.66182
  SFEC_SC(1)= -34363.51123

SFE_SC_HNC= 107857.34979 !(J/mol)
  SFEC_SC_HNC(0)= 138658.56164
  SFEC_SC_HNC(1)= -30801.21185

SFE_GF= 62408.29870 !(J/mol)
  SFEC_GF(0)= 114036.04543
  SFEC_GF(1)= -51627.74672

SE= -43810.53282 !(J/mol)
  SE_ES= 0.00000
  SE_LJ= -43810.53282

PMV= 0.09176 !(L/mol)
Pressure= 1164013371.29286 !(J/m^3)
Correction_Term= -106808.01843 !(J/mol)
 $END
