 $RESULT
SFE_SC= 70562.83227 !(J/mol)
  SFEC_SC(0)= 99498.05495
  SFEC_SC(1)= -28935.22269

SFE_SC_HNC= 83134.84780 !(J/mol)
  SFEC_SC_HNC(0)= 108915.88150
  SFEC_SC_HNC(1)= -25781.03369

SFE_GF= 44720.21463 !(J/mol)
  SFEC_GF(0)= 87848.31597
  SFEC_GF(1)= -43128.10134

SE= -41719.95533 !(J/mol)
  SE_ES= 0.00000
  SE_LJ= -41719.95533

PMV= 0.07189 !(L/mol)
Pressure= 1164013371.29286 !(J/m^3)
Correction_Term= -83681.78305 !(J/mol)
 $END
