 $RESULT
SFE_SC= 80306.68869 !(J/mol)
  SFEC_SC(0)= 265419.28563
  SFEC_SC(1)= -185112.59695

SFE_SC_HNC= 95117.43887 !(J/mol)
  SFEC_SC_HNC(0)= 276161.54562
  SFEC_SC_HNC(1)= -181044.10675

SFE_GF= 48904.05647 !(J/mol)
  SFEC_GF(0)= 251741.45562
  SFEC_GF(1)= -202837.39915

SE= -70474.68227 !(J/mol)
  SE_ES= -29751.81599
  SE_LJ= -40722.86629

PMV= 0.09150 !(L/mol)
Pressure= 1164013371.29286 !(J/m^3)
Correction_Term= -106505.47789 !(J/mol)
 $END
