 $RESULT
SFE_SC= 79437.54066 !(J/mol)
  SFEC_SC(0)= 107007.76891
  SFEC_SC(1)= -27570.22824

SFE_SC_HNC= 91694.82623 !(J/mol)
  SFEC_SC_HNC(0)= 116242.75750
  SFEC_SC_HNC(1)= -24547.93127

SFE_GF= 53137.56191 !(J/mol)
  SFEC_GF(0)= 95179.87345
  SFEC_GF(1)= -42042.31154

SE= -34876.19080 !(J/mol)
  SE_ES= 0.00000
  SE_LJ= -34876.19080

PMV= 0.07710 !(L/mol)
Pressure= 1164013371.29286 !(J/m^3)
Correction_Term= -89749.12679 !(J/mol)
 $END
