 $RESULT
SFE_SC= 66912.55035 !(J/mol)
  SFEC_SC(0)= 92908.24373
  SFEC_SC(1)= -25995.69338

SFE_SC_HNC= 77036.49580 !(J/mol)
  SFEC_SC_HNC(0)= 100556.24770
  SFEC_SC_HNC(1)= -23519.75189

SFE_GF= 45187.35598 !(J/mol)
  SFEC_GF(0)= 83063.22000
  SFEC_GF(1)= -37875.86402

SE= -26077.23175 !(J/mol)
  SE_ES= -88.56955
  SE_LJ= -25988.66220

PMV= 0.06390 !(L/mol)
Pressure= 1164013371.29286 !(J/m^3)
Correction_Term= -74385.63672 !(J/mol)
 $END
