 $RESULT
SFE_SC= 37577.34918 !(J/mol)
  SFEC_SC(0)= 48076.74969
  SFEC_SC(1)= -10499.40050

SFE_SC_HNC= 43086.57978 !(J/mol)
  SFEC_SC_HNC(0)= 52234.57903
  SFEC_SC_HNC(1)= -9147.99925

SFE_GF= 25650.98176 !(J/mol)
  SFEC_GF(0)= 42465.71708
  SFEC_GF(1)= -16814.73532

SE= -9604.13469 !(J/mol)
  SE_ES= -28.85369
  SE_LJ= -9575.28100

PMV= 0.03423 !(L/mol)
Pressure= 1164013371.29286 !(J/m^3)
Correction_Term= -39847.03089 !(J/mol)
 $END
