 $RESULT
SFE_SC= 27228.60090 !(J/mol)
  SFEC_SC(0)= 217676.77763
  SFEC_SC(1)= -190448.17673

SFE_SC_HNC= 41456.88964 !(J/mol)
  SFEC_SC_HNC(0)= 227369.90752
  SFEC_SC_HNC(1)= -185913.01787

SFE_GF= 2012.89081 !(J/mol)
  SFEC_GF(0)= 206691.86800
  SFEC_GF(1)= -204678.97719

SE= -118742.59184 !(J/mol)
  SE_ES= -91801.41227
  SE_LJ= -26941.17957

PMV= 0.06739 !(L/mol)
Pressure= 1164013371.29286 !(J/m^3)
Correction_Term= -78447.38856 !(J/mol)
 $END
