 $RESULT
SFE_SC= 66900.87898 !(J/mol)
  SFEC_SC(0)= 88082.76033
  SFEC_SC(1)= -21181.88135

SFE_SC_HNC= 77041.19235 !(J/mol)
  SFEC_SC_HNC(0)= 95751.79408
  SFEC_SC_HNC(1)= -18710.60173

SFE_GF= 45181.78147 !(J/mol)
  SFEC_GF(0)= 78225.04795
  SFEC_GF(1)= -33043.26649

SE= -25984.41350 !(J/mol)
  SE_ES= 0.00000
  SE_LJ= -25984.41350

PMV= 0.06383 !(L/mol)
Pressure= 1164013371.29286 !(J/m^3)
Correction_Term= -74301.52366 !(J/mol)
 $END
