 $RESULT
SFE_SC= 109950.81265 !(J/mol)
  SFEC_SC(0)= 154931.34389
  SFEC_SC(1)= -44980.53125

SFE_SC_HNC= 127811.81255 !(J/mol)
  SFEC_SC_HNC(0)= 168319.65112
  SFEC_SC_HNC(1)= -40507.83857

SFE_GF= 71945.43773 !(J/mol)
  SFEC_GF(0)= 138154.52259
  SFEC_GF(1)= -66209.08486

SE= -60592.09171 !(J/mol)
  SE_ES= 0.00000
  SE_LJ= -60592.09171

PMV= 0.11092 !(L/mol)
Pressure= 1164013371.29286 !(J/m^3)
Correction_Term= -129112.77141 !(J/mol)
 $END
