 $RESULT
SFE_SC= 70091.58388 !(J/mol)
  SFEC_SC(0)= 96443.60657
  SFEC_SC(1)= -26352.02269

SFE_SC_HNC= 81999.08003 !(J/mol)
  SFEC_SC_HNC(0)= 105402.74680
  SFEC_SC_HNC(1)= -23403.66677

SFE_GF= 45495.45574 !(J/mol)
  SFEC_GF(0)= 85331.23355
  SFEC_GF(1)= -39835.77781

SE= -36420.13358 !(J/mol)
  SE_ES= 0.00000
  SE_LJ= -36420.13358

PMV= 0.06983 !(L/mol)
Pressure= 1164013371.29286 !(J/m^3)
Correction_Term= -81285.37613 !(J/mol)
 $END
