 $RESULT
SFE_SC= 70415.58289 !(J/mol)
  SFEC_SC(0)= 129661.05267
  SFEC_SC(1)= -59245.46978

SFE_SC_HNC= 82792.41886 !(J/mol)
  SFEC_SC_HNC(0)= 138890.37789
  SFEC_SC_HNC(1)= -56097.95904

SFE_GF= 44090.97077 !(J/mol)
  SFEC_GF(0)= 117928.19550
  SFEC_GF(1)= -73837.22473

SE= -52441.44074 !(J/mol)
  SE_ES= -19445.85031
  SE_LJ= -32995.59043

PMV= 0.07676 !(L/mol)
Pressure= 1164013371.29286 !(J/m^3)
Correction_Term= -89355.43351 !(J/mol)
 $END
