 $RESULT
SFE_SC= 82341.52678 !(J/mol)
  SFEC_SC(0)= 109326.32194
  SFEC_SC(1)= -26984.79516

SFE_SC_HNC= 94683.29596 !(J/mol)
  SFEC_SC_HNC(0)= 118662.77866
  SFEC_SC_HNC(1)= -23979.48270

SFE_GF= 55813.22206 !(J/mol)
  SFEC_GF(0)= 97409.42890
  SFEC_GF(1)= -41596.20684

SE= -33266.13155 !(J/mol)
  SE_ES= 0.00000
  SE_LJ= -33266.13155

PMV= 0.07904 !(L/mol)
Pressure= 1164013371.29286 !(J/m^3)
Correction_Term= -92004.25531 !(J/mol)
 $END
