 $RESULT
SFE_SC= 38138.95824 !(J/mol)
  SFEC_SC(0)= 50468.45987
  SFEC_SC(1)= -12329.50163

SFE_SC_HNC= 44735.50312 !(J/mol)
  SFEC_SC_HNC(0)= 55432.96575
  SFEC_SC_HNC(1)= -10697.46263

SFE_GF= 24620.73764 !(J/mol)
  SFEC_GF(0)= 44134.30340
  SFEC_GF(1)= -19513.56576

SE= -16398.73622 !(J/mol)
  SE_ES= 0.00000
  SE_LJ= -16398.73622

PMV= 0.03683 !(L/mol)
Pressure= 1164013371.29286 !(J/m^3)
Correction_Term= -42876.10146 !(J/mol)
 $END
