 $RESULT
SFE_SC= 15651.26217 !(J/mol)
  SFEC_SC(0)= 35169.71790
  SFEC_SC(1)= -19518.45573

SFE_SC_HNC= 23733.19164 !(J/mol)
  SFEC_SC_HNC(0)= 40892.48915
  SFEC_SC_HNC(1)= -17159.29752

SFE_GF= 1879.23499 !(J/mol)
  SFEC_GF(0)= 28885.96307
  SFEC_GF(1)= -27006.72809

SE= -58166.47364 !(J/mol)
  SE_ES= -48641.67337
  SE_LJ= -9524.80028

PMV= 0.03488 !(L/mol)
Pressure= 1164013371.29286 !(J/m^3)
Correction_Term= -40598.51986 !(J/mol)
 $END
