 $RESULT
SFE_SC= 31988.16696 !(J/mol)
  SFEC_SC(0)= 137235.38382
  SFEC_SC(1)= -105247.21686

SFE_SC_HNC= 42648.02260 !(J/mol)
  SFEC_SC_HNC(0)= 144809.58613
  SFEC_SC_HNC(1)= -102161.56354

SFE_GF= 13033.13108 !(J/mol)
  SFEC_GF(0)= 128750.19507
  SFEC_GF(1)= -115717.06399

SE= -65306.26553 !(J/mol)
  SE_ES= -47738.69725
  SE_LJ= -17567.56828

PMV= 0.05061 !(L/mol)
Pressure= 1164013371.29286 !(J/m^3)
Correction_Term= -58913.73669 !(J/mol)
 $END
