 $RESULT
SFE_SC= 35651.51000 !(J/mol)
  SFEC_SC(0)= 34302.95383
  SFEC_SC(1)= 1348.55617

SFE_SC_HNC= 43393.29920 !(J/mol)
  SFEC_SC_HNC(0)= 40033.99753
  SFEC_SC_HNC(1)= 3359.30167

SFE_GF= 19786.67709 !(J/mol)
  SFEC_GF(0)= 27012.60116
  SFEC_GF(1)= -7225.92407

SE= -39970.45670 !(J/mol)
  SE_ES= -23574.11209
  SE_LJ= -16396.34461

PMV= 0.04417 !(L/mol)
Pressure= 1164013371.29286 !(J/m^3)
Correction_Term= -51417.15073 !(J/mol)
 $END
