 $RESULTS
SFE_SC= 80306.68872 !(J/mol)
  SFEC_SC(0)= 265419.28563
  SFEC_SC(1)= -185112.59690

SFE_SC_HNC= 95117.43911 !(J/mol)
  SFEC_SC_HNC(0)= 276161.54571
  SFEC_SC_HNC(1)= -181044.10660

SFE_GF= 48904.05661 !(J/mol)
  SFEC_GF(0)= 251741.45564
  SFEC_GF(1)= -202837.39903

SE= -70474.68254 !(J/mol)
  SE_LJ= -40722.86636
  SE_ES= -29751.81618

PMV= 0.09150 !(L/mol)
Pressure= 1164013371.29286 !(J/m^3)
Correction_Term= -106505.47822 !(J/mol)
 $END
