 $RESULTS
SFE_SC= 82348.99638 !(J/mol)
  SFEC_SC(0)= 117073.69062
  SFEC_SC(1)= -34724.69424

SFE_SC_HNC= 94669.13895 !(J/mol)
  SFEC_SC_HNC(0)= 126381.43455
  SFEC_SC_HNC(1)= -31712.29559

SFE_GF= 55813.66479 !(J/mol)
  SFEC_GF(0)= 105172.12031
  SFEC_GF(1)= -49358.45552

SE= -33399.29374 !(J/mol)
  SE_LJ= -33270.68138
  SE_ES= -128.61236

PMV= 0.07914 !(L/mol)
Pressure= 1164013371.29286 !(J/m^3)
Correction_Term= -92114.64366 !(J/mol)
 $END
