 $RESULTS
SFE_SC= 82083.73980 !(J/mol)
  SFEC_SC(0)= 152198.82411
  SFEC_SC(1)= -70115.08431

SFE_SC_HNC= 94119.86368 !(J/mol)
  SFEC_SC_HNC(0)= 161298.46283
  SFEC_SC_HNC(1)= -67178.59915

SFE_GF= 55854.59570 !(J/mol)
  SFEC_GF(0)= 140461.74062
  SFEC_GF(1)= -84607.14492

SE= -32780.01851 !(J/mol)
  SE_LJ= -32682.07423
  SE_ES= -97.94428

PMV= 0.07881 !(L/mol)
Pressure= 1164013371.29286 !(J/m^3)
Correction_Term= -91732.27564 !(J/mol)
 $END
