 $RESULTS
SFE_SC= 37577.34579 !(J/mol)
  SFEC_SC(0)= 48076.66122
  SFEC_SC(1)= -10499.31543

SFE_SC_HNC= 43086.57609 !(J/mol)
  SFEC_SC_HNC(0)= 52234.49189
  SFEC_SC_HNC(1)= -9147.91580

SFE_GF= 25650.98368 !(J/mol)
  SFEC_GF(0)= 42465.63023
  SFEC_GF(1)= -16814.64655

SE= -9604.14247 !(J/mol)
  SE_LJ= -9575.28786
  SE_ES= -28.85461

PMV= 0.03423 !(L/mol)
Pressure= 1164013371.29286 !(J/m^3)
Correction_Term= -39847.00707 !(J/mol)
 $END
