 $RESULTS
SFE_SC= 70107.80598 !(J/mol)
  SFEC_SC(0)= 391362.58990
  SFEC_SC(1)= -321254.78392

SFE_SC_HNC= 90018.28921 !(J/mol)
  SFEC_SC_HNC(0)= 405616.43807
  SFEC_SC_HNC(1)= -315598.14886

SFE_GF= 31671.77005 !(J/mol)
  SFEC_GF(0)= 374791.97509
  SFEC_GF(1)= -343120.20504

SE= -137273.38924 !(J/mol)
  SE_LJ= -51683.71946
  SE_ES= -85589.66978

PMV= 0.10878 !(L/mol)
Pressure= 1164013371.29286 !(J/m^3)
Correction_Term= -126623.38065 !(J/mol)
 $END
