 $RESULTS
SFE_SC= 66912.54099 !(J/mol)
  SFEC_SC(0)= 92907.61705
  SFEC_SC(1)= -25995.07606

SFE_SC_HNC= 77036.48222 !(J/mol)
  SFEC_SC_HNC(0)= 100555.62595
  SFEC_SC_HNC(1)= -23519.14373

SFE_GF= 45187.37580 !(J/mol)
  SFEC_GF(0)= 83062.60434
  SFEC_GF(1)= -37875.22854

SE= -26077.28361 !(J/mol)
  SE_LJ= -25988.70319
  SE_ES= -88.58041

PMV= 0.06390 !(L/mol)
Pressure= 1164013371.29286 !(J/m^3)
Correction_Term= -74385.51122 !(J/mol)
 $END
