 $RESULTS
SFE_SC= 31988.16528 !(J/mol)
  SFEC_SC(0)= 137235.38202
  SFEC_SC(1)= -105247.21674

SFE_SC_HNC= 42648.02085 !(J/mol)
  SFEC_SC_HNC(0)= 144809.58428
  SFEC_SC_HNC(1)= -102161.56343

SFE_GF= 13033.12950 !(J/mol)
  SFEC_GF(0)= 128750.19335
  SFEC_GF(1)= -115717.06385

SE= -65306.26912 !(J/mol)
  SE_LJ= -17567.56865
  SE_ES= -47738.70047

PMV= 0.05061 !(L/mol)
Pressure= 1164013371.29286 !(J/m^3)
Correction_Term= -58913.73676 !(J/mol)
 $END
