 $RESULTS
SFE_SC= 70415.58072 !(J/mol)
  SFEC_SC(0)= 129661.05200
  SFEC_SC(1)= -59245.47128

SFE_SC_HNC= 82792.41683 !(J/mol)
  SFEC_SC_HNC(0)= 138890.37730
  SFEC_SC_HNC(1)= -56097.96047

SFE_GF= 44090.96867 !(J/mol)
  SFEC_GF(0)= 117928.19485
  SFEC_GF(1)= -73837.22618

SE= -52441.44537 !(J/mol)
  SE_LJ= -32995.59047
  SE_ES= -19445.85489

PMV= 0.07676 !(L/mol)
Pressure= 1164013371.29286 !(J/m^3)
Correction_Term= -89355.43373 !(J/mol)
 $END
