 $RESULTS
SFE_SC= 35651.50747 !(J/mol)
  SFEC_SC(0)= 34302.95321
  SFEC_SC(1)= 1348.55427

SFE_SC_HNC= 43393.29673 !(J/mol)
  SFEC_SC_HNC(0)= 40033.99693
  SFEC_SC_HNC(1)= 3359.29979

SFE_GF= 19786.67459 !(J/mol)
  SFEC_GF(0)= 27012.60054
  SFEC_GF(1)= -7225.92595

SE= -39970.46179 !(J/mol)
  SE_LJ= -16396.34462
  SE_ES= -23574.11717

PMV= 0.04417 !(L/mol)
Pressure= 1164013371.29286 !(J/m^3)
Correction_Term= -51417.15084 !(J/mol)
 $END
