 $RESULTS
SFE_SC= 31129.86535 !(J/mol)
  SFEC_SC(0)= 267907.59385
  SFEC_SC(1)= -236777.72851

SFE_SC_HNC= 45639.24240 !(J/mol)
  SFEC_SC_HNC(0)= 277811.47846
  SFEC_SC_HNC(1)= -232172.23606

SFE_GF= 4698.58389 !(J/mol)
  SFEC_GF(0)= 256470.59887
  SFEC_GF(1)= -251772.01499

SE= -118154.31374 !(J/mol)
  SE_LJ= -32623.19954
  SE_ES= -85531.11420

PMV= 0.06994 !(L/mol)
Pressure= 1164013371.29286 !(J/m^3)
Correction_Term= -81413.26756 !(J/mol)
 $END
