 $RESULTS
SFE_SC= 15651.25975 !(J/mol)
  SFEC_SC(0)= 35169.71717
  SFEC_SC(1)= -19518.45743

SFE_SC_HNC= 23733.18926 !(J/mol)
  SFEC_SC_HNC(0)= 40892.48845
  SFEC_SC_HNC(1)= -17159.29919

SFE_GF= 1879.23259 !(J/mol)
  SFEC_GF(0)= 28885.96235
  SFEC_GF(1)= -27006.72977

SE= -58166.47854 !(J/mol)
  SE_LJ= -9524.80028
  SE_ES= -48641.67826

PMV= 0.03488 !(L/mol)
Pressure= 1164013371.29286 !(J/m^3)
Correction_Term= -40598.51991 !(J/mol)
 $END
