 $RESULTS
SFE_SC= 27228.59010 !(J/mol)
  SFEC_SC(0)= 217676.77433
  SFEC_SC(1)= -190448.18423

SFE_SC_HNC= 41456.87898 !(J/mol)
  SFEC_SC_HNC(0)= 227369.90428
  SFEC_SC_HNC(1)= -185913.02530

SFE_GF= 2012.88008 !(J/mol)
  SFEC_GF(0)= 206691.86472
  SFEC_GF(1)= -204678.98464

SE= -118742.61365 !(J/mol)
  SE_LJ= -26941.17960
  SE_ES= -91801.43406

PMV= 0.06739 !(L/mol)
Pressure= 1164013371.29286 !(J/m^3)
Correction_Term= -78447.38875 !(J/mol)
 $END
