 $RESULTS
SFE_SC= 66025.47873 !(J/mol)
  SFEC_SC(0)= 271774.83639
  SFEC_SC(1)= -205749.35766

SFE_SC_HNC= 83454.15573 !(J/mol)
  SFEC_SC_HNC(0)= 284679.12629
  SFEC_SC_HNC(1)= -201224.97056

SFE_GF= 32839.26620 !(J/mol)
  SFEC_GF(0)= 257223.19866
  SFEC_GF(1)= -224383.93246

SE= -106597.70174 !(J/mol)
  SE_LJ= -41596.38141
  SE_ES= -65001.32033

PMV= 0.09370 !(L/mol)
Pressure= 1164013371.29286 !(J/m^3)
Correction_Term= -109064.99892 !(J/mol)
 $END
