 $RESULTS
SFE_SC= 8982.40682 !(J/mol)
  SFEC_SC(0)= 176206.62933
  SFEC_SC(1)= -167224.22251

SFE_SC_HNC= 21134.33409 !(J/mol)
  SFEC_SC_HNC(0)= 184325.78680
  SFEC_SC_HNC(1)= -163191.45271

SFE_GF= -11528.17284 !(J/mol)
  SFEC_GF(0)= 167221.56472
  SFEC_GF(1)= -178749.73756

SE= -117213.72837 !(J/mol)
  SE_LJ= -19290.20573
  SE_ES= -97923.52263

PMV= 0.05217 !(L/mol)
Pressure= 1164013371.29286 !(J/m^3)
Correction_Term= -60721.73781 !(J/mol)
 $END
